%YAML:1.0
---
K: !!opencv-matrix
   rows: 3
   cols: 3
   dt: d
   data: [ 1.2653316013890089e+03, 0., 5.2220446169259071e+02, 0.,
       1.2695751340709505e+03, 5.9063681640000539e+02, 0., 0., 1. ]
D: !!opencv-matrix
   rows: 1
   cols: 5
   dt: d
   data: [ -4.3198901914531873e-01, 4.7556449759877728e-01,
       -1.6099954596148513e-03, -8.3067535516251139e-04,
       -6.0072535006999339e-01 ]
