%YAML:1.0
---
K: !!opencv-matrix
   rows: 3
   cols: 3
   dt: d
   data: [ 1.2651456379070394e+03, 0., 5.1888875155971152e+02, 0.,
       1.2679451751123145e+03, 6.3449533093615059e+02, 0., 0., 1. ]
D: !!opencv-matrix
   rows: 1
   cols: 5
   dt: d
   data: [ -3.7190943616143618e-01, 1.8189916826532964e-02,
       -1.7839764481580686e-03, -2.0713975014876942e-03,
       3.9577538979638838e-01 ]
