%YAML:1.0
---
K: !!opencv-matrix
   rows: 3
   cols: 3
   dt: d
   data: [ 1.2735065428178555e+03, 0., 5.1765262190132637e+02, 0.,
       1.2762115792264865e+03, 6.1255620660110480e+02, 0., 0., 1. ]
D: !!opencv-matrix
   rows: 1
   cols: 5
   dt: d
   data: [ -4.1100978846856140e-01, 3.2453689048629186e-01,
       -1.8855687081820241e-03, -1.4448505792592585e-03,
       -2.5813099857515337e-01 ]
