%YAML:1.0
---
K1: !!opencv-matrix
   rows: 3
   cols: 3
   dt: d
   data: [ 1.2651456379070394e+03, 0., 5.1888875155971152e+02, 0.,
       1.2679451751123145e+03, 6.3449533093615059e+02, 0., 0., 1. ]
D1: !!opencv-matrix
   rows: 1
   cols: 5
   dt: d
   data: [ -3.7190943616143618e-01, 1.8189916826532964e-02,
       -1.7839764481580686e-03, -2.0713975014876942e-03,
       3.9577538979638838e-01 ]
K2: !!opencv-matrix
   rows: 3
   cols: 3
   dt: d
   data: [ 1.2653316013890089e+03, 0., 5.2220446169259071e+02, 0.,
       1.2695751340709505e+03, 5.9063681640000539e+02, 0., 0., 1. ]
D2: !!opencv-matrix
   rows: 1
   cols: 5
   dt: d
   data: [ -4.3198901914531873e-01, 4.7556449759877728e-01,
       -1.6099954596148513e-03, -8.3067535516251139e-04,
       -6.0072535006999339e-01 ]
R: !!opencv-matrix
   rows: 3
   cols: 3
   dt: d
   data: [ 9.9918448035226248e-01, 4.4102216290501086e-03,
       -4.0136319815869875e-02, -4.9388475018980384e-03,
       9.9990224085032997e-01, -1.3081151625208197e-02,
       4.0074705345543415e-02, 1.3268710851900803e-02,
       9.9910858233917521e-01 ]
T: !!opencv-matrix
   rows: 3
   cols: 1
   dt: d
   data: [ 9.4847145867703055e+00, -5.8892434765234564e-02,
       3.2269319817581071e-01 ]
E: !!opencv-matrix
   rows: 3
   cols: 3
   dt: d
   data: [ -7.6636447460832102e-04, -3.2344307865141703e-01,
       -5.4618738355034724e-02, -5.7667106818890472e-02,
       -1.2442678684251868e-01, -9.4892114620841657e+00,
       1.2000847884494006e-02, 9.4840470978270286e+00,
       -1.2643471522783897e-01 ]
F: !!opencv-matrix
   rows: 3
   cols: 3
   dt: d
   data: [ 8.7513069043007801e-10, 3.6853221655151032e-07,
       -1.5537830223808782e-04, 6.5631398762943846e-08,
       1.4129846053304726e-07, 1.3539545462037240e-02,
       -5.6561506926132259e-05, -1.3949278005307261e-02, 1. ]
R1: !!opencv-matrix
   rows: 3
   cols: 3
   dt: d
   data: [ 9.9998073589382985e-01, -1.3461267538341323e-03,
       -6.0593550809457239e-03, 1.3060449313853930e-03,
       9.9997727456748087e-01, -6.6139697028574987e-03,
       6.0681206210467841e-03, 6.6059285006520117e-03,
       9.9995976900111971e-01 ]
R2: !!opencv-matrix
   rows: 3
   cols: 3
   dt: d
   data: [ 9.9940249545243109e-01, -6.2054841744773725e-03,
       3.4002118310680833e-02, 5.9805616341850271e-03,
       9.9995958562321074e-01, 6.7126747870434478e-03,
       -3.4042399533419199e-02, -6.5053121690819516e-03,
       9.9939921750399119e-01 ]
P1: !!opencv-matrix
   rows: 3
   cols: 4
   dt: d
   data: [ 1.2687601545916325e+03, 0., 5.1931159210205078e+02, 0., 0.,
       1.2687601545916325e+03, 6.2727498245239258e+02, 0., 0., 0., 1.,
       0. ]
P2: !!opencv-matrix
   rows: 3
   cols: 4
   dt: d
   data: [ 1.2687601545916325e+03, 0., 5.1931159210205078e+02,
       1.2041022511075951e+04, 0., 1.2687601545916325e+03,
       6.2727498245239258e+02, 0., 0., 0., 1., 0. ]
Q: !!opencv-matrix
   rows: 4
   cols: 4
   dt: d
   data: [ 1., 0., 0., -5.1931159210205078e+02, 0., 1., 0.,
       -6.2727498245239258e+02, 0., 0., 0., 1.2687601545916325e+03, 0.,
       0., -1.0536980172776537e-01, 0. ]
